57
1520
1636
157
586
823
1266
674
190
1961
597
124
649
884
1323
1109
1277
1758
1873
1246
1709
1096
928
1232
772
123
1279
803
1298
674
1799
1187
1214
1181
998
1914
85
1631
265
1716
1665
693
224
377
889
1159
457
1835
57
650
1856
750
1326
438
494
746
1971
70
717
866
1170
1852
735
86
1164
1601
1133
760
622
700
1058
1848
1674
359
8
934
1719
1227
1420
629
490
1749
1397
651
758
244
181
853
1146
829
307
125
191
628
1958
1990
907
470
1344
354
1274
537
1981
642
1331
216
98
716
1927
1016
510
1351
1334
257
818
1686
516
1297
959
1998
1215
193
1553
899
1547
816
1779
1679
1000
1978
579
1077
1271
108
1352
1241
564
1814
664
311
691
1164
1529
114
813
1307
1243
167
1131
1882
1147
1522
1961
1289
540
969
1571
1676
1808
1919
949
567
674
1034
747
116
718
912
1198
927
952
556
1189
1319
1492
975
1876
1122
414
351
1257
506
1220
44
718
317
1236
124
807
1272
613
725
357
5
342
236
496
1285
1123
838
416
1201
1903
1479
451
782
1056
480
415
641
1038
1726
1717
1085
714
1230
1289
688
51
278
1790
1509
277
1697
736
257
743
1239
12
1593
1017
955
253
582
57
1958
1163
1926
625
307
215
1438
666
1977
469
583
1082
1787
962
235
338
1741
1142
382
1237
1750
1517
1394
66
1969
985
1319
371
424
307
688
635
477
553
1700
1187
1503
1563
900
134
1239
1485
1532
709
1463
1670
1379
17
440
786
1432
1293
357
107
1926
1791
1832
1102
1806
1544
424
502
96
410
1781
606
677
176
1161
147
801
938
1690
1434
1527
1897
117
725
1792
1820
1889
675
1326
363
1323
1454
1421
1906
1713
893
114
582
713
251
725
1569
462
483
759
1563
816
1169
1060
660
1833
1361
1869
582
663
997
654
373
852
968
1439
1493
1622
1156
559
212
1189
1142
1359
687
1448
1270
1631
626
1494
1605
1776
1428
95
1602
460
321
1757
1881
1734
875
467
411
1741
324
181
1464
1608
1591
1947
977
484
1550
157
586
1251
1446
882
354
595
1077
978
1796
533
1729
1584
1231
1991
946
15
1027
1797
617
37
912
1819
1690
1193
1216
607
1829
806
288
1309
680
1595
1749
327
715
128
532
1399
829
421
806
92
233
872
1254
773
731
1386
1831
104
820
1296
25
1462
1680
770
1720
931
702
747
1746
1690
1250
1439
1683
73
667
107
203
1188
103
648
1798
448
232
1740
1591
37
1615
1664
1105
1297
1595
1691
262
1983
1725
1207
1347
229
1355
930
252
3
1308
1449
956
1329
1637
1425
1409
349
257
1923
1159
1638
1067
1977
1484
1727
342
136
1027
1858
581
1529
41
1001
1813
1114
1721
1571
226
107
1187
52
801
609
152
1462
1517
491
200
229
1020
297
287
1447
1670
1444
354
1244
1605
1383
1080
1368
591
149
1965
646
138
1939
1817
1910
364
636
726
1436
1995
555
416
222
100
1564
1359
122
768
1625
1073
773
1463
520
591
1431
1830
1990
1657
756
1345
472
1991
981
1774
1973
830
708
915
185
650
1481
1432
1608
688
1608
1817
1969
1078
497
1426
768
1548
665
1904
394
74
461
159
1755
1888
1043
5
1309
1627
1231
1282
1275
278
1462
1225
635
174
1280
1478
442
1432
370
1007
674
63
1966
604
691
401
1594
1682
523
1722
1305
1782
376
1974
1816
216
285
1731
984
141
1593
872
1970
549
1463
1247
551
1637
983
116
1821
1901
703
89
1469
1966
395
1385
1162
1698
317
1357
507
1131
953
1106
627
1887
1273
1461
1803
1774
691
1108
1304
243
1055
1337
1650
558
1886
1731
851
1214
1264
1221
728
1168
508
1768
1831
367
812
1776
1061
1126
187
667
1478
1757
310
1205
414
805
1420
168
486
436
1918
136
1551
58
264
810
1910
227
915
115
236
459
1947
1654
1521
1433
1467
1354
222
242
1917
1582
1079
1457
155
1134
1478
472
397
1270
1434
1640
464
1287
1340
932
1628
1422
231
539
391
573
514
43
1899
857
166
61
648
765
1898
1521
1097
1653
915
660
127
910
1774
1865
1228
1465
1109
1784
483
928
287
440
175
1991
1786
1896
1805
367
623
697
429
739
1728
19
883
829
398
846
474
587
241
1150
256
1416
1794
764
1365
1992
395
711
1655
52
973
1002
1962
975
1718
769
1183
1510
1721
1527
1074
1671
1983
1739
1219
1834
1878
830
1838
155
1543
1203
1965
1238
1822
778
1344
913
1914
1481
1641
170
95
1464
727
294
1387
1717
906
291
451
1789
888
954
252
1083
469
1131
656
1101
377
1731
222
415
614
276
1711
992
752
1131
1507
1366
360
1512
147
31
687
1115
807
919
1998
354
908
289
1212
1431
365
1747
817
940
195
1737
1409
881
1363
1865
1004
742
1108
3
145
203
499
1156
1383
1510
1960
1147
1874
325
1195
1128
1131
1370
1861
1318
1358
1356
798
12
1229
47
3
1085
1532
1371
1720
45
1334
1474
1001
421
688
730
1338
1890
1459
554
45
997
1500
1280
1008
198
1099
592
1032
455
1485
838
1928
1017
1077
473
133
447
1497
1231
521
1070
851
1805
544
1046
1679
799
1689
48
348
710
203
606
165
1809
859
410
924
142
711
822
153
374
1953
1656
154
40
134
393
891
1679
1123
606
458
182
1985
1841
1609
1692
1690
984
109
1266
1608
983
1571
590
1779
35
1548
466
1805
573
1556
1176
1455
1626
3
1867
1449
1756
435
1901
1432
1092
1690
1685
1884
1354
1914
1011
1876
243
1105
698
173
983
1227
869
359
831
1006
246
58
1741
947
215
1885
1891
1080
1064
655
1438
1015
1987
363
1195
934
1986
110
1006
748
331
683
1859
1726
632
1876
1998
952
977
1055
1961
1692
733
701
413
1635
1023
1438
781
248
1242
524
117
851
379
1606
719
1878
826
35
1233
777
6
460
943
861
1473
613
1088
29
1395
63
1541
1157
1584
377
1696
748
1746
249
696
1901
1160
263
1194
1413
257
705
1810
1559
1494
145
931
1493
486
1494
1039
519
1264
709
947
1935
154
1084
1821
953
153
1903
649
1229
361
1457
240
849
1179
1548
926
342
1099
1031
1271
778
1954
1347
600
781
952
488
1134
935
446
1589
1275
1600
754
1336
547
1442
637
12
1837
84
1772
1995
226
255
326
593
1752
1992
1405
1323
295
1022
321
1336
1937
1999
673
1062
1925
1078
932
1747
317
1619
174
1634
1131
33
1363
598
239
1637
823
509
1903
1022
47
997
1324
1964
48
899
1859
1566
826
490
510
1241
916
1679
825
785
1056
1643
1735
101
260
678
1837
954
1994
468
545
1532
1032
231
51
827
1645
732
1110
278
757
42
1423
1711
1277
1665
914
254
344
1149
1596
1589
1016
1107
1089
1431
777
1660
1024
971
235
261
1739
885
1796
875
17
1300
290
1046
929
378
677
1534
1899
740
897
448
233
207
1017
1714
949
1369
1687
1741
1864
565
912
1756
185
1764
165
975
445
1662
1302
1791
152
262
255
1303
1489
1459
1720
166
1966
167
140
635
497
811
1320
1254
1501
553
906
1293
1554
412
1127
338
641
740
111
1686
243
1312
15
127
1557
283
1862
1481
984
1897
191
292
131
1624
14
161
1205
1143
379
11
1497
264
1754
1445
1386
1324
323
825
264
983
1102
729
265
1229
1605
1523
637
228
951
1811
236
1028
317
887
1536
951
1382
1009
343
1200
78
308
527
1667
873
1177
1872
1462
41
1427
591
234
1493
1094
595
1999
846
799
1669
363
1385
324
876
1802
585
962
1003
207
443
1526
424
1378
728
1072
771
1092
428
453
985
749
1283
992
690
387
1634
1036
818
1320
1197
357
1039
1247
47
1051
227
1934
1316
1957
286
192
1963
838
1778
1225
996
1983
1876
179
578
375
1536
1606
1011
1711
609
1960
1906
774
621
1903
1650
227
1620
1993
564
504
504
1007
1492
30
1234
415
1796
1926
37
1938
235
381
842
394
593
1607
592
1010
1215
1286
1709
1758
1706
668
648
1972
1724
1750
1678
826
976
1196
436
375
219
1858
1276
1680
77
938
570
1437
1404
626
82
1312
1495
3
269
1583
1664
564
1006
470
1598
1225
1788
216
1534
244
1826
1796
1141
597
749
1534
733
378
997
986
606
1036
955
222
1035
560
66
1188
548
1629
1214
1976
1853
1437
1066
1570
1214
127
1490
1771
1516
556
1511
227
82
318
1789
1869
532
921
948
438
1376
1900
972
536
1043
391
626
78
747
716
1516
911
872
1737
1473
1340
260
957
228
575
81
1481
1219
214
166
550
643
1776
303
957
13
879
1687
520
1576
1281
1907
150
397
1128
291
1160
334
1043
1319
1217
960
1312
1411
235
596
868
1002
99
967
266
290
279
67
1620
1124
1761
1423
1331
1557
652
1707
175
2000
1981
1576
1563
1178
1048
1803
1682
1669
317
718
1290
690
1186
752
627
29
1728
1696
239
221
1783
1807
1438
1952
257
451
747
275
4
95
1818
1960
1610
1376
365
773
1922
1968
895
1606
45
486
998
30
83
1662
39
1364
760
795
1600
447
1238
556
1306
1414
1466
1637
257
1527
699
797
1734
864
129
166
265
1403
482
1302
49
746
975
1987
1979
109
228
1006
1271
847
1353
1596
1201
1788
1624
209
718
1502
1543
1938
622
26
1857
1811
1445
210
1317
846
1613
1603
591
1124
461
227
1476
1509
1140
1933
1509
277
1747
177
1949
1729
825
36
108
1759
1777
1365
1320
1094
444
1889
1299
930
1997
1882
907
96
941
1682
1209
1397
478
97
414
109
489
764
1096
228
132
1257
381
1644
827
1410
570
620
1148
559
845
1428
1079
420
1793
916
1824
1451
1719
1738
1079
798
1563
273
604
885
763
592
381
644
1092
1197
643
324
1965
978
906
836
232
1715
1963
1415
1391
1939
1176
98
1
1162
480
385
874
921
607
972
741
1119
74
804
1536
945
623
1418
340
1741
1080
189
694
131
322
86
140
1148
1309
1948
653
159
775
1124
1
1611
1132
881
1387
869
1980
630
240
1773
65
370
488
383
693
1601
20
1086
1553
176
1579
642
920
1598
1895
1163
1532
1332
488
424
1266
327
1507
1707
733
1535
898
1646
1183
65
120
999
1871
574
1155
651
218
453
83
822
1603
1327
476
1943
1857
1897
571
1745
1638
1071
1541
313
313
1676
1020
695
95
1682
512
1051
1463
594
1621
716
1421
1608
661
1426
1650
608
1659
628
1459
91
227
116
1925
1776
1513
1328
1039
1115
697
793
252
1197
216
917
1710
1848
241
42
611
1272
1820
158
568
1895
1738
1571
980
1689
1645
742
1844
280
1696
1460
1714
1402
1333
1616
1804
980
1651
793
432
1894
1585
1361
1948
344
1561
1717
642
1607
1727
397
439
1245
410
1615
310
923
1633
1058
1209
932
694
813
771