198
17
58
68
85
174
9
164
128
89
113
25
6
109
169
173
168
20
74
137
83
200
33
136
170
167
33
199
188
197
94
53
143
34
87
9
21
126
54
56
98
64
1
200
15
43
63
116
12
46
180
44
63
163
136
85
186
29
110
174
169
128
18
172
112
144
193
55
156
169
10
15
84
72
185
199
32
162
185
107
52
119
44
149
128
117
133
87
26
80
98
101
50
100
56
149
36
144
91
180
57
54
27
57
46
139
43
74
182
26
105
97
82
59
28
68
153
168
23
167
47
5
88
61
62
139
191
34
30
196
111
169
28
35
173
118
82
158
9
130
28
71
132
37
148
147
114
100
71
76
142
148
195
144
12
99
84
132
134
97
69
28
176
85
126
196
137
147
191
33
81
77
126
95
143
123
181
191
11
189
134
116
86
55
36
38
134
193
52
136
124
170
189
27
16
116
156
189
180
130